<?xml version="1.0" encoding="UTF-8"?>
<map version="1.2" tiledversion="1.2.3" sound="bard" light="D3D3D3" orientation="orthogonal" renderorder="right-down" width="30" height="30" tilewidth="32" tileheight="32" infinite="0" nextlayerid="5" nextobjectid="1">
 <tileset firstgid="1" source="../eclipse-workspace/RogueEngine/res/maps/forest.tsx"/>
 <layer id="1" name="Tile Layer 1" width="30" height="30">
  <data encoding="csv">
1,1,1,1,1,1,1,1,1,1,1,1,1,65,110,86,87,1,2,1,1,1,1,1,1,1,1,1,1,1,
1,1,1,1,1,1,1,1,1,1,1,1,1,85,128,128,87,1,1,1,1,1,1,1,1,1,4,48,48,48,
1,1,1,1,1,1,1,1,1,1,1,1,1,90,128,68,107,1,1,1,1,1,1,1,1,4,49,61,25,41,
1,1,1,1,1,1,1,1,1,1,1,1,1,90,128,87,1,1,1,1,2,1,1,1,1,24,61,42,7,45,
1,2,1,1,1,1,1,1,1,1,1,1,1,90,86,108,67,1,1,1,1,1,1,1,4,49,43,7,46,1,
1,1,1,1,1,1,1,1,1,2,1,1,1,85,86,86,108,67,1,1,1,1,1,1,29,42,61,27,1,1,
1,1,1,1,1,1,1,1,1,1,1,1,1,105,70,86,86,108,67,1,1,1,1,4,49,41,7,46,1,1,
1,1,1,1,1,1,1,1,1,1,1,1,1,1,105,70,86,86,108,67,1,1,3,24,43,62,27,1,1,1,
1,1,1,1,1,1,1,2,1,1,1,1,1,1,1,105,70,128,86,88,1,4,48,49,62,42,27,1,1,1,
1,1,1,1,4,5,48,5,5,48,5,48,6,1,1,1,105,70,86,87,4,49,43,25,43,7,46,1,1,1,
1,1,1,4,49,25,62,62,25,62,62,43,47,5,6,1,89,90,128,88,24,61,62,7,8,46,89,1,1,1,
5,48,5,49,42,43,7,45,45,45,9,43,62,25,47,5,6,90,128,87,44,8,8,46,1,1,1,1,1,1,
61,41,62,42,42,7,46,1,1,1,44,45,9,25,43,61,26,90,86,108,67,1,1,1,1,1,1,1,1,2,
43,7,8,8,8,46,1,1,1,1,1,1,44,8,8,8,46,90,128,86,88,1,1,1,1,1,1,1,1,1,
8,46,1,1,1,1,2,1,1,1,1,1,1,1,1,1,1,105,70,128,108,67,1,1,1,1,1,1,1,1,
1,1,1,1,1,1,1,1,1,1,1,1,1,1,1,1,1,1,90,86,86,88,1,1,1,1,1,1,1,1,
1,1,1,1,1,1,1,1,1,1,1,1,1,1,1,1,1,1,105,70,86,88,1,2,1,1,1,1,1,1,
1,1,1,1,1,1,1,1,1,2,1,1,1,1,1,1,1,1,1,90,86,108,67,1,1,1,1,1,1,1,
1,1,1,1,1,1,1,1,1,1,1,1,1,1,1,1,2,1,1,90,128,128,87,1,1,1,1,1,1,1,
1,1,1,1,1,1,1,1,1,1,1,1,1,1,1,1,1,1,65,110,128,68,107,1,1,1,1,1,1,1,
1,1,1,1,65,66,66,66,66,66,67,1,1,1,1,1,1,1,90,86,128,88,1,1,1,1,1,1,1,1,
109,109,66,66,110,86,128,86,128,128,108,67,1,2,1,1,1,65,110,86,68,107,1,1,2,1,1,1,1,1,
128,128,128,128,86,128,86,128,128,128,128,108,67,1,1,1,65,110,128,86,87,1,1,1,1,1,2,1,1,1,
128,128,86,86,128,86,128,86,86,86,128,128,108,66,109,66,110,128,86,68,107,1,1,1,1,1,1,1,1,1,
128,128,128,128,128,86,86,86,128,86,128,128,86,86,86,128,128,128,86,87,1,1,1,1,1,1,1,1,1,1,
86,86,128,128,86,86,128,128,128,86,128,128,128,86,86,86,128,128,86,108,67,1,1,1,1,1,1,1,1,1,
86,86,128,86,86,128,128,86,86,128,86,86,128,128,86,86,128,128,128,86,108,67,1,1,1,1,1,1,1,1,
86,86,86,86,128,128,128,128,86,128,128,128,128,128,128,128,86,128,128,128,86,87,2,1,1,1,1,1,1,1,
128,86,86,128,86,128,128,86,128,86,128,128,86,86,128,86,86,128,128,128,86,88,1,1,1,1,1,1,1,1,
70,128,128,86,86,86,128,128,128,86,128,86,128,128,128,86,128,128,86,86,128,88,1,1,1,1,1,1,1,1
</data>
 </layer>
 <layer id="3" name="Tile Layer 2" width="30" height="30">
  <data encoding="csv">
0,0,0,0,0,0,144,145,146,101,102,103,0,0,0,0,0,0,0,0,0,0,0,0,0,0,0,0,0,0,
167,168,0,0,0,0,164,165,166,121,122,123,0,0,0,0,0,0,0,0,0,101,102,103,0,0,0,0,0,0,
187,188,0,101,102,103,184,185,186,141,142,143,0,0,0,0,0,0,0,0,0,121,122,123,0,0,0,0,0,0,
0,0,0,121,122,123,0,0,0,161,162,163,0,0,0,0,0,0,0,0,0,141,142,143,0,104,104,0,0,0,
0,0,0,141,142,143,0,0,0,181,182,183,0,0,0,0,0,0,0,0,0,161,162,163,0,104,104,101,102,103,
0,0,0,161,162,163,0,0,0,0,0,0,101,102,103,0,0,0,0,0,0,181,182,183,0,0,0,121,122,123,
0,0,0,181,182,183,0,0,167,168,0,0,121,122,123,0,0,0,0,0,0,0,0,0,0,0,0,141,142,143,
144,145,146,0,0,0,0,0,187,188,0,0,141,142,143,0,0,0,0,0,0,0,0,0,0,0,0,161,162,163,
164,165,166,0,0,0,0,0,0,0,0,0,161,162,163,0,0,0,0,0,0,0,0,0,0,0,0,181,182,183,
184,185,186,0,0,0,0,0,0,0,0,0,181,182,183,0,0,0,0,0,0,0,0,0,0,0,0,0,0,72,
0,0,0,0,0,0,0,0,0,0,0,0,0,0,0,0,0,0,0,0,0,0,0,0,0,0,0,71,72,92,
0,0,0,0,0,0,0,0,101,102,103,0,0,0,0,0,0,0,0,0,0,0,72,0,101,102,103,91,92,0,
0,0,0,0,0,0,0,0,121,122,123,0,0,0,0,0,0,0,0,0,0,0,92,0,121,122,123,0,0,0,
0,0,0,0,0,0,0,0,141,142,143,0,0,0,0,0,0,0,0,0,0,0,0,0,141,142,143,0,71,0,
0,101,102,103,0,0,0,0,161,162,163,0,101,102,103,0,0,0,0,0,0,0,0,0,161,162,163,0,91,0,
0,121,122,123,0,0,0,0,181,182,183,0,121,122,123,0,0,0,0,0,0,0,0,0,181,182,183,0,0,0,
0,141,142,143,0,0,0,167,168,0,0,0,141,142,143,0,0,0,0,0,0,0,0,0,0,0,0,144,145,146,
0,161,162,163,0,0,0,187,188,0,0,0,161,162,163,0,0,0,0,0,0,0,0,0,0,0,0,164,165,166,
0,181,182,183,0,0,0,0,0,0,0,0,181,182,183,0,0,0,0,0,0,0,0,0,167,168,0,184,185,186,
0,0,0,0,0,0,0,0,0,0,0,0,0,0,0,0,0,0,0,0,0,0,0,0,187,188,0,0,0,0,
0,0,0,0,0,0,0,0,0,0,0,0,0,0,0,0,0,0,0,0,0,0,0,0,0,0,0,0,0,0,
0,0,0,0,0,0,0,0,0,0,0,0,0,0,0,0,0,0,0,0,0,101,102,103,0,0,0,0,0,0,
0,0,0,0,0,0,0,0,0,0,0,0,0,0,0,0,0,0,0,0,0,121,122,123,0,0,0,0,0,0,
0,0,0,0,0,0,0,0,0,0,0,0,0,0,0,0,0,0,0,0,0,141,142,143,0,0,0,0,0,0,
0,0,0,0,0,0,0,0,0,0,0,0,0,0,0,0,0,0,0,0,0,161,162,163,0,0,101,102,103,0,
0,0,0,0,0,0,0,0,0,0,0,0,0,0,0,0,0,0,0,0,0,181,182,183,0,0,121,122,123,0,
0,0,0,0,0,0,0,0,0,0,0,0,0,0,0,0,0,0,0,0,0,0,0,0,0,0,141,142,143,0,
0,0,0,0,0,0,0,0,0,0,0,0,0,0,0,0,0,0,0,0,0,0,0,0,0,0,161,162,163,0,
0,0,0,0,0,0,0,0,0,0,0,0,0,0,0,0,0,0,0,0,0,0,0,0,0,0,181,182,183,0,
0,0,0,0,0,0,0,0,0,0,0,0,0,0,0,0,0,0,0,0,0,0,0,0,0,0,0,0,0,0
</data>
 </layer>
 <layer id="4" name="Tile Layer 3" width="30" height="30">
  <data encoding="csv">
0,0,0,0,0,0,0,0,0,0,0,0,0,0,0,0,0,0,0,0,0,0,0,0,0,0,0,0,0,0,
0,0,0,0,0,0,0,0,0,0,0,0,0,0,0,0,0,0,0,0,0,0,0,0,0,0,0,0,0,0,
0,0,0,0,0,0,0,0,0,0,0,0,0,0,0,0,0,0,0,0,0,0,0,0,0,0,0,0,0,0,
0,0,0,0,0,0,0,0,0,0,0,0,0,0,0,0,0,0,0,0,0,0,0,0,0,0,0,0,0,0,
0,0,0,0,0,0,0,0,0,0,0,0,0,0,0,0,0,0,0,0,0,0,0,0,0,0,0,0,0,0,
0,0,0,0,0,0,0,0,0,0,0,0,0,0,0,0,0,0,0,0,0,0,0,0,0,0,0,0,0,0,
0,0,0,0,0,0,0,0,0,0,0,0,0,0,0,0,0,0,0,0,0,0,0,0,0,0,0,0,0,0,
0,0,0,0,0,0,0,0,0,0,0,0,0,0,0,0,0,0,0,0,0,0,0,0,0,0,0,0,0,0,
0,0,0,0,0,0,0,0,0,0,0,0,0,0,0,0,0,0,0,0,0,0,0,0,0,0,0,0,0,0,
0,0,0,0,0,0,0,0,0,0,0,0,0,0,0,0,0,0,0,0,0,0,0,0,0,0,0,0,0,0,
0,0,0,0,0,0,0,0,0,0,0,0,0,0,0,0,0,0,0,0,0,0,0,0,0,0,0,0,0,64,
0,0,0,0,0,0,0,0,0,0,0,0,0,0,0,0,0,0,0,0,0,0,0,0,0,0,0,84,64,0,
0,0,0,0,0,0,0,0,0,0,0,0,0,0,0,0,0,0,0,0,0,0,64,0,0,0,0,0,0,0,
0,0,0,0,0,0,0,0,0,0,0,0,0,0,0,0,0,0,0,0,0,0,0,0,0,0,0,0,0,0,
0,0,0,0,0,0,0,0,0,0,0,0,0,0,0,0,0,0,0,0,0,0,0,0,0,0,0,0,84,0,
0,0,0,0,0,0,0,0,0,0,0,0,0,0,0,0,0,0,0,0,0,0,0,0,0,0,0,0,0,0,
0,0,0,0,0,0,0,0,0,0,0,0,0,0,0,0,0,0,0,0,0,0,0,0,0,0,0,0,0,0,
0,0,0,0,0,0,0,0,0,0,0,0,0,0,0,0,0,0,0,0,0,0,0,0,0,0,0,0,0,0,
0,0,0,0,0,0,0,0,0,0,0,0,0,0,0,0,0,0,0,0,0,0,0,0,0,0,0,0,0,0,
0,0,0,0,0,0,0,0,0,0,0,0,0,0,0,0,0,0,0,0,0,0,0,0,0,0,0,0,0,0,
0,0,0,0,0,0,0,0,0,0,0,0,0,0,0,0,0,0,0,0,0,0,0,0,0,0,0,0,0,0,
0,0,0,0,0,0,0,0,0,0,0,0,0,0,0,0,0,0,0,0,0,0,0,0,0,0,0,0,0,0,
0,0,0,0,0,0,0,0,0,0,0,0,0,0,0,0,0,0,0,0,0,0,0,0,0,0,0,0,0,0,
0,0,0,0,0,0,0,0,0,0,0,0,0,0,0,0,0,0,0,0,0,0,0,0,0,0,0,0,0,0,
0,0,0,0,0,0,0,0,0,0,0,0,0,0,0,0,0,0,0,0,0,0,0,0,0,0,0,0,0,0,
0,0,0,0,0,0,0,0,0,0,0,0,0,0,0,0,0,0,0,0,0,0,0,0,0,0,0,0,0,0,
0,0,0,0,0,0,0,0,0,0,0,0,0,0,0,0,0,0,0,0,0,0,0,0,0,0,0,0,0,0,
0,0,0,0,0,0,0,0,0,0,0,0,0,0,0,0,0,0,0,0,0,0,0,0,0,0,0,0,0,0,
0,0,0,0,0,0,0,0,0,0,0,0,0,0,0,0,0,0,0,0,0,0,0,0,0,0,0,0,0,0,
0,0,0,0,0,0,0,0,0,0,0,0,0,0,0,0,0,0,0,0,0,0,0,0,0,0,0,0,0,0
</data>
 </layer>
</map>
